-1 226 158 78 9 1279 1199 1079 1040 972 882 814 700 601 481
473 -1 271 191 122 1392 1312 1192 1153 1095 995 927 813 714 594
541 428 -1 259 190 20 1380 1260 1221 1153 1063 995 881 782 662
621 508 440 -1 270 100 20 1340 1301 1233 1143 1075 961 862 742
690 577 509 429 -1 169 89 1409 1430 1302 1332 1144 1030 931 811
820 707 639 559 490 -1 189 69 30 1422 1312 1274 1160 1061 941
940 827 759 679 610 480 -1 189 150 72 1432 1394 1280 1181 1061
1060 947 879 799 730 600 480 -1 270 202 112 74 1400 1301 1181
1099 986 918 838 769 639 519 399 -1 251 151 113 1439 1340 1220
1167 1054 986 906 837 707 587 467 428 -1 219 181 67 1408 1288
1257 1144 1076 996 927 797 677 557 518 450 -1 271 157 58 1378
1325 1212 1144 1064 995 865 745 625 586 518 428 -1 225 126 6
1439 1326 1258 1178 1109 979 859 739 700 632 542 474 -1 240 120
98 1425 1357 1277 1208 1078 958 838 799 731 641 573 579 -1 219
218 105 37 1397 1328 1198 1078 958 919 851 761 693 579 480 -1

